aid	scene_pred	scene_label	airport	bus	metro	metro_station	park	public_square	shopping_mall	street_pedestrian	street_traffic	tram
airport-lisbon-1175-44106	airport	airport	0.793	0.000	0.003	0.118	0.000	0.003	0.069	0.010	0.000	0.003
airport-lisbon-1175-44186	airport	airport	0.646	0.000	0.002	0.304	0.000	0.000	0.042	0.002	0.000	0.003
airport-lisbon-1175-44210	airport	airport	0.780	0.000	0.001	0.005	0.000	0.001	0.206	0.005	0.000	0.002
airport-lisbon-1175-44233	airport	airport	0.668	0.000	0.001	0.004	0.000	0.000	0.322	0.005	0.000	0.000
airport-lisbon-1175-44296	airport	airport	0.587	0.000	0.002	0.008	0.000	0.001	0.392	0.009	0.000	0.001
airport-lisbon-1175-44606	airport	airport	0.762	0.000	0.001	0.011	0.000	0.001	0.210	0.013	0.000	0.001
airport-lisbon-1175-44669	airport	airport	0.914	0.001	0.004	0.010	0.000	0.004	0.047	0.009	0.000	0.010
airport-lisbon-1175-44691	airport	airport	0.807	0.000	0.002	0.119	0.000	0.001	0.064	0.007	0.000	0.001
airport-lisbon-1175-44700	airport	airport	0.890	0.002	0.004	0.010	0.000	0.005	0.067	0.009	0.000	0.013
airport-lisbon-1175-44702	airport	airport	0.969	0.000	0.000	0.015	0.000	0.000	0.014	0.001	0.000	0.000
airport-lisbon-1175-44703	airport	airport	0.706	0.000	0.001	0.011	0.000	0.000	0.278	0.002	0.000	0.002
airport-lisbon-1175-44708	airport	airport	0.942	0.000	0.000	0.037	0.000	0.001	0.017	0.001	0.000	0.002
airport-lisbon-1175-44791	airport	airport	0.818	0.000	0.003	0.006	0.000	0.002	0.152	0.018	0.000	0.001
airport-lisbon-1175-44813	airport	airport	0.893	0.000	0.001	0.004	0.000	0.001	0.099	0.001	0.000	0.002
airport-lisbon-1175-44864	airport	airport	0.859	0.000	0.001	0.005	0.000	0.003	0.091	0.040	0.000	0.001
airport-lisbon-1175-44916	airport	airport	0.906	0.000	0.001	0.087	0.000	0.000	0.005	0.000	0.000	0.001
airport-lisbon-1175-44918	airport	airport	0.983	0.000	0.000	0.011	0.000	0.001	0.005	0.001	0.000	0.000
airport-lisbon-1175-45070	airport	airport	0.860	0.000	0.001	0.111	0.000	0.000	0.028	0.001	0.000	0.001
airport-lisbon-1175-45108	airport	airport	0.814	0.000	0.001	0.161	0.000	0.000	0.021	0.001	0.000	0.001
airport-lisbon-1175-45126	airport	airport	0.769	0.000	0.006	0.163	0.000	0.002	0.050	0.004	0.000	0.005
airport-lisbon-1175-45127	airport	airport	0.885	0.000	0.002	0.097	0.000	0.000	0.012	0.002	0.000	0.002
airport-lisbon-1175-45213	airport	airport	0.789	0.001	0.003	0.185	0.000	0.001	0.017	0.001	0.000	0.003
airport-lisbon-1175-45300	airport	airport	0.974	0.000	0.000	0.013	0.000	0.001	0.010	0.001	0.000	0.001
airport-lisbon-1175-45340	airport	airport	0.755	0.000	0.004	0.159	0.000	0.001	0.060	0.013	0.000	0.007
airport-lisbon-1175-45350	airport	airport	0.768	0.000	0.002	0.206	0.000	0.000	0.020	0.001	0.000	0.003
airport-lisbon-1175-45351	airport	airport	0.798	0.000	0.001	0.172	0.000	0.000	0.026	0.002	0.000	0.001
airport-lisbon-1175-45357	airport	airport	0.748	0.000	0.004	0.216	0.000	0.001	0.026	0.003	0.000	0.003
airport-lisbon-1175-45362	airport	airport	0.787	0.000	0.002	0.157	0.000	0.000	0.052	0.001	0.000	0.001
airport-lisbon-1175-45450	airport	airport	0.688	0.000	0.003	0.278	0.000	0.000	0.024	0.002	0.000	0.004
airport-lisbon-1175-45451	airport	airport	0.932	0.000	0.001	0.048	0.000	0.002	0.009	0.008	0.000	0.001
airport-lisbon-1175-45539	airport	airport	0.982	0.000	0.000	0.008	0.000	0.001	0.008	0.001	0.000	0.000
airport-lisbon-1175-45585	airport	airport	0.665	0.000	0.002	0.012	0.000	0.001	0.309	0.008	0.000	0.003
airport-lisbon-1175-45593	airport	airport	0.833	0.000	0.003	0.107	0.000	0.001	0.045	0.007	0.000	0.003
airport-lisbon-1175-45692	airport	airport	0.860	0.000	0.002	0.108	0.000	0.001	0.025	0.003	0.000	0.001
airport-lisbon-1175-45707	airport	airport	0.671	0.000	0.005	0.011	0.000	0.001	0.295	0.013	0.000	0.004
airport-lisbon-1175-45732	airport	airport	0.949	0.000	0.001	0.003	0.000	0.002	0.036	0.006	0.000	0.003
airport-london-205-6178	shopping_mall	airport	0.043	0.001	0.018	0.241	0.000	0.002	0.657	0.034	0.002	0.002
airport-london-205-6179	shopping_mall	airport	0.053	0.000	0.001	0.033	0.000	0.001	0.905	0.007	0.000	0.001
airport-london-205-6180	airport	airport	0.434	0.000	0.004	0.154	0.000	0.004	0.337	0.061	0.001	0.002
airport-london-205-6183	airport	airport	0.610	0.000	0.001	0.008	0.000	0.047	0.187	0.145	0.001	0.001
airport-london-205-6184	shopping_mall	airport	0.235	0.000	0.002	0.024	0.000	0.029	0.412	0.296	0.001	0.001
airport-london-205-6186	shopping_mall	airport	0.052	0.000	0.000	0.036	0.000	0.001	0.889	0.019	0.000	0.001
airport-london-205-6189	metro_station	airport	0.141	0.006	0.026	0.363	0.002	0.020	0.224	0.200	0.004	0.013
airport-london-205-6190	shopping_mall	airport	0.336	0.000	0.001	0.029	0.000	0.010	0.490	0.132	0.000	0.000
airport-london-205-6191	shopping_mall	airport	0.074	0.000	0.006	0.371	0.000	0.002	0.513	0.029	0.001	0.003
airport-london-205-6192	airport	airport	0.485	0.000	0.002	0.036	0.000	0.038	0.293	0.145	0.001	0.001
airport-london-205-6193	airport	airport	0.466	0.023	0.017	0.014	0.001	0.245	0.112	0.090	0.029	0.004
airport-london-205-6194	airport	airport	0.541	0.003	0.010	0.021	0.000	0.068	0.311	0.033	0.007	0.005
airport-london-205-6195	airport	airport	0.630	0.000	0.005	0.007	0.000	0.080	0.213	0.062	0.002	0.002
airport-london-205-6197	airport	airport	0.514	0.001	0.002	0.009	0.000	0.130	0.253	0.086	0.005	0.001
airport-london-205-6199	shopping_mall	airport	0.033	0.000	0.000	0.020	0.000	0.000	0.939	0.006	0.000	0.000
airport-london-205-6200	shopping_mall	airport	0.236	0.001	0.002	0.033	0.000	0.075	0.416	0.233	0.002	0.001
airport-london-205-6202	shopping_mall	airport	0.402	0.002	0.011	0.081	0.000	0.008	0.429	0.060	0.001	0.007
airport-london-205-6203	shopping_mall	airport	0.300	0.010	0.004	0.080	0.001	0.051	0.420	0.124	0.005	0.006
airport-london-205-6204	metro_station	airport	0.301	0.002	0.015	0.387	0.001	0.011	0.216	0.054	0.004	0.009
airport-london-205-6206	shopping_mall	airport	0.028	0.000	0.001	0.070	0.000	0.001	0.884	0.016	0.000	0.001
airport-london-205-6207	airport	airport	0.411	0.001	0.012	0.089	0.001	0.010	0.338	0.129	0.002	0.007
airport-london-205-6209	shopping_mall	airport	0.234	0.001	0.005	0.081	0.001	0.004	0.643	0.028	0.001	0.003
airport-london-205-6210	shopping_mall	airport	0.132	0.002	0.001	0.075	0.000	0.006	0.754	0.026	0.002	0.002
airport-london-205-6211	shopping_mall	airport	0.072	0.000	0.001	0.036	0.000	0.002	0.855	0.031	0.000	0.001
airport-london-205-6212	shopping_mall	airport	0.037	0.000	0.001	0.050	0.000	0.001	0.897	0.014	0.000	0.001
airport-london-205-6213	airport	airport	0.419	0.002	0.006	0.005	0.001	0.313	0.109	0.137	0.005	0.003
airport-london-205-6214	shopping_mall	airport	0.237	0.001	0.004	0.084	0.001	0.060	0.455	0.152	0.004	0.002
airport-london-205-6215	shopping_mall	airport	0.060	0.000	0.003	0.135	0.000	0.002	0.741	0.055	0.001	0.001
airport-london-205-6216	shopping_mall	airport	0.033	0.000	0.000	0.057	0.000	0.001	0.890	0.018	0.001	0.000
airport-london-205-6217	airport	airport	0.406	0.002	0.005	0.024	0.001	0.152	0.270	0.123	0.012	0.004
airport-london-205-6219	airport	airport	0.573	0.001	0.007	0.022	0.000	0.033	0.306	0.046	0.009	0.003
airport-london-205-6220	shopping_mall	airport	0.131	0.004	0.002	0.122	0.000	0.009	0.676	0.049	0.003	0.004
airport-london-205-6222	shopping_mall	airport	0.401	0.000	0.001	0.017	0.000	0.019	0.472	0.089	0.001	0.001
airport-london-205-6223	airport	airport	0.704	0.003	0.005	0.019	0.000	0.072	0.167	0.019	0.007	0.004
airport-london-205-6224	shopping_mall	airport	0.314	0.000	0.001	0.022	0.000	0.035	0.442	0.184	0.001	0.001
airport-london-205-6225	shopping_mall	airport	0.169	0.001	0.003	0.059	0.001	0.080	0.455	0.227	0.004	0.001
airport-london-205-6226	shopping_mall	airport	0.084	0.005	0.004	0.200	0.000	0.027	0.573	0.087	0.015	0.004
airport-london-205-6227	airport	airport	0.388	0.000	0.004	0.135	0.000	0.007	0.386	0.076	0.001	0.002
airport-london-205-6228	airport	airport	0.471	0.001	0.009	0.155	0.000	0.007	0.266	0.083	0.001	0.006
airport-london-205-6229	shopping_mall	airport	0.364	0.001	0.003	0.026	0.000	0.050	0.415	0.135	0.002	0.003
airport-london-205-6230	airport	airport	0.406	0.009	0.008	0.011	0.001	0.324	0.108	0.108	0.021	0.004
airport-london-205-6231	shopping_mall	airport	0.167	0.000	0.000	0.006	0.000	0.007	0.771	0.049	0.000	0.000
airport-london-205-6232	airport	airport	0.569	0.001	0.009	0.070	0.001	0.014	0.184	0.146	0.002	0.004
airport-london-205-6233	shopping_mall	airport	0.371	0.000	0.001	0.006	0.000	0.017	0.472	0.132	0.001	0.001
airport-london-205-6234	shopping_mall	airport	0.161	0.006	0.003	0.149	0.000	0.014	0.607	0.052	0.005	0.004
airport-london-205-6235	airport	airport	0.399	0.006	0.009	0.010	0.001	0.388	0.100	0.067	0.017	0.003
airport-london-205-6236	airport	airport	0.612	0.004	0.010	0.026	0.001	0.098	0.146	0.081	0.015	0.008
airport-lyon-1169-44100	airport	airport	0.881	0.000	0.000	0.001	0.000	0.010	0.028	0.080	0.000	0.000
airport-lyon-1169-44127	airport	airport	0.518	0.000	0.002	0.106	0.000	0.001	0.357	0.016	0.000	0.000
airport-lyon-1169-44227	airport	airport	0.675	0.000	0.000	0.001	0.000	0.015	0.036	0.272	0.000	0.000
airport-lyon-1169-44279	shopping_mall	airport	0.177	0.000	0.001	0.057	0.000	0.001	0.733	0.031	0.000	0.000
airport-lyon-1169-44283	airport	airport	0.976	0.000	0.000	0.000	0.000	0.001	0.015	0.008	0.000	0.000
airport-lyon-1169-44314	shopping_mall	airport	0.376	0.000	0.000	0.031	0.000	0.001	0.557	0.034	0.000	0.000
airport-lyon-1169-44321	airport	airport	0.542	0.000	0.001	0.121	0.000	0.001	0.321	0.014	0.000	0.000
airport-lyon-1169-44330	airport	airport	0.906	0.000	0.000	0.002	0.000	0.002	0.061	0.029	0.000	0.000
airport-lyon-1169-44348	shopping_mall	airport	0.445	0.000	0.000	0.059	0.000	0.000	0.493	0.002	0.000	0.000
airport-lyon-1169-44351	airport	airport	0.715	0.000	0.000	0.004	0.000	0.004	0.118	0.157	0.000	0.000
airport-lyon-1169-44363	airport	airport	0.555	0.000	0.003	0.148	0.000	0.001	0.275	0.017	0.000	0.001
airport-lyon-1169-44387	airport	airport	0.613	0.000	0.000	0.008	0.000	0.001	0.364	0.013	0.000	0.000
airport-lyon-1169-44430	airport	airport	0.984	0.000	0.000	0.000	0.000	0.002	0.008	0.006	0.000	0.000
airport-lyon-1169-44433	airport	airport	0.903	0.000	0.000	0.003	0.000	0.003	0.069	0.023	0.000	0.000
airport-lyon-1169-44434	airport	airport	0.774	0.000	0.000	0.058	0.000	0.001	0.156	0.011	0.000	0.000
airport-lyon-1169-44446	shopping_mall	airport	0.342	0.000	0.001	0.083	0.000	0.000	0.561	0.013	0.000	0.000
airport-lyon-1169-44486	airport	airport	0.891	0.000	0.000	0.003	0.000	0.002	0.083	0.021	0.000	0.000
airport-lyon-1169-44497	airport	airport	0.688	0.000	0.000	0.056	0.000	0.001	0.245	0.010	0.000	0.000
airport-lyon-1169-44528	airport	airport	0.960	0.000	0.000	0.001	0.000	0.004	0.025	0.010	0.000	0.000
airport-lyon-1169-44570	airport	airport	0.869	0.000	0.000	0.001	0.000	0.005	0.050	0.074	0.000	0.000
airport-lyon-1169-44738	airport	airport	0.990	0.000	0.000	0.000	0.000	0.001	0.006	0.003	0.000	0.000
airport-lyon-1169-44782	airport	airport	0.717	0.000	0.000	0.043	0.000	0.000	0.237	0.003	0.000	0.000
airport-lyon-1169-44981	airport	airport	0.993	0.000	0.000	0.000	0.000	0.001	0.005	0.002	0.000	0.000
airport-lyon-1169-45068	airport	airport	0.969	0.000	0.000	0.001	0.000	0.005	0.014	0.010	0.000	0.000
airport-lyon-1169-45129	shopping_mall	airport	0.393	0.000	0.000	0.048	0.000	0.000	0.531	0.027	0.000	0.000
airport-lyon-1169-45185	airport	airport	0.774	0.000	0.000	0.002	0.000	0.009	0.075	0.140	0.000	0.000
airport-lyon-1169-45263	airport	airport	0.770	0.000	0.000	0.003	0.000	0.002	0.120	0.105	0.000	0.000
airport-lyon-1169-45296	airport	airport	0.996	0.000	0.000	0.000	0.000	0.001	0.002	0.001	0.000	0.000
airport-lyon-1169-45396	airport	airport	0.890	0.000	0.000	0.001	0.000	0.008	0.022	0.078	0.000	0.000
airport-lyon-1169-45487	airport	airport	0.958	0.000	0.000	0.001	0.000	0.006	0.018	0.017	0.000	0.000
airport-lyon-1169-45498	airport	airport	0.918	0.000	0.000	0.001	0.000	0.004	0.024	0.054	0.000	0.000
airport-lyon-1169-45519	airport	airport	0.892	0.000	0.000	0.005	0.000	0.002	0.064	0.035	0.000	0.000
airport-lyon-1169-45560	airport	airport	0.971	0.000	0.000	0.001	0.000	0.004	0.009	0.015	0.000	0.000
airport-lyon-1169-45588	airport	airport	0.873	0.000	0.000	0.001	0.000	0.005	0.059	0.062	0.000	0.000
airport-lyon-1169-45628	airport	airport	0.727	0.000	0.000	0.001	0.000	0.009	0.079	0.184	0.000	0.000
airport-lyon-1169-45672	airport	airport	0.969	0.000	0.000	0.001	0.000	0.002	0.022	0.006	0.000	0.000
airport-milan-1172-44103	airport	airport	0.924	0.000	0.000	0.000	0.000	0.001	0.073	0.001	0.000	0.000
airport-milan-1172-44126	airport	airport	0.917	0.000	0.000	0.000	0.000	0.001	0.080	0.001	0.000	0.000
airport-milan-1172-44205	airport	airport	0.613	0.000	0.003	0.017	0.000	0.029	0.318	0.020	0.000	0.000
airport-milan-1172-44215	airport	airport	0.514	0.000	0.000	0.004	0.000	0.018	0.441	0.022	0.000	0.000
airport-milan-1172-44376	airport	airport	0.905	0.000	0.000	0.000	0.000	0.001	0.093	0.001	0.000	0.000
airport-milan-1172-44409	shopping_mall	airport	0.382	0.000	0.001	0.010	0.000	0.008	0.586	0.013	0.000	0.000
airport-milan-1172-44524	airport	airport	0.858	0.000	0.001	0.003	0.000	0.015	0.111	0.012	0.000	0.000
airport-milan-1172-44533	airport	airport	0.536	0.001	0.021	0.072	0.000	0.051	0.289	0.027	0.001	0.003
airport-milan-1172-44567	shopping_mall	airport	0.299	0.000	0.001	0.008	0.000	0.009	0.672	0.011	0.000	0.000
airport-milan-1172-44586	airport	airport	0.905	0.000	0.000	0.000	0.000	0.001	0.092	0.002	0.000	0.000
airport-milan-1172-44624	airport	airport	0.985	0.000	0.000	0.000	0.000	0.002	0.012	0.000	0.000	0.000
airport-milan-1172-44661	airport	airport	0.991	0.000	0.000	0.000	0.000	0.003	0.005	0.000	0.000	0.000
airport-milan-1172-44687	airport	airport	0.988	0.000	0.000	0.000	0.000	0.002	0.009	0.001	0.000	0.000
airport-milan-1172-44762	airport	airport	0.984	0.000	0.000	0.000	0.000	0.001	0.014	0.001	0.000	0.000
airport-milan-1172-44768	airport	airport	0.986	0.000	0.000	0.000	0.000	0.003	0.010	0.001	0.000	0.000
airport-milan-1172-44819	airport	airport	0.986	0.000	0.000	0.000	0.000	0.002	0.011	0.001	0.000	0.000
airport-milan-1172-44887	airport	airport	0.989	0.000	0.000	0.000	0.000	0.002	0.008	0.001	0.000	0.000
airport-milan-1172-44925	shopping_mall	airport	0.417	0.000	0.001	0.004	0.000	0.026	0.522	0.030	0.000	0.000
airport-milan-1172-45028	airport	airport	0.771	0.000	0.001	0.008	0.000	0.012	0.196	0.011	0.000	0.000
airport-milan-1172-45082	airport	airport	0.948	0.000	0.000	0.000	0.000	0.001	0.049	0.001	0.000	0.000
airport-milan-1172-45119	airport	airport	0.929	0.000	0.000	0.000	0.000	0.001	0.067	0.002	0.000	0.000
airport-milan-1172-45165	airport	airport	0.985	0.000	0.000	0.000	0.000	0.001	0.011	0.001	0.000	0.000
airport-milan-1172-45190	airport	airport	0.935	0.000	0.000	0.000	0.000	0.001	0.061	0.003	0.000	0.000
airport-milan-1172-45214	airport	airport	0.968	0.000	0.000	0.000	0.000	0.001	0.030	0.001	0.000	0.000
airport-milan-1172-45225	airport	airport	0.923	0.000	0.000	0.000	0.000	0.001	0.075	0.001	0.000	0.000
airport-milan-1172-45261	airport	airport	0.984	0.000	0.000	0.000	0.000	0.003	0.012	0.001	0.000	0.000
airport-milan-1172-45320	airport	airport	0.930	0.000	0.000	0.000	0.000	0.000	0.069	0.000	0.000	0.000
airport-milan-1172-45327	shopping_mall	airport	0.416	0.000	0.001	0.007	0.000	0.017	0.542	0.016	0.000	0.000
airport-milan-1172-45355	airport	airport	0.985	0.000	0.000	0.000	0.000	0.005	0.009	0.002	0.000	0.000
airport-milan-1172-45409	airport	airport	0.573	0.001	0.047	0.069	0.000	0.013	0.287	0.003	0.002	0.005
airport-milan-1172-45420	airport	airport	0.939	0.000	0.000	0.000	0.000	0.001	0.059	0.001	0.000	0.000
airport-milan-1172-45490	airport	airport	0.820	0.000	0.001	0.001	0.000	0.024	0.142	0.012	0.000	0.000
airport-milan-1172-45505	airport	airport	0.982	0.000	0.000	0.000	0.000	0.000	0.017	0.001	0.000	0.000
airport-milan-1172-45645	airport	airport	0.996	0.000	0.000	0.000	0.000	0.001	0.003	0.000	0.000	0.000
airport-milan-1172-45710	airport	airport	0.984	0.000	0.000	0.000	0.000	0.003	0.012	0.001	0.000	0.000
airport-milan-1172-45738	airport	airport	0.958	0.000	0.000	0.000	0.000	0.001	0.040	0.001	0.000	0.000
airport-paris-206-6237	airport	airport	0.748	0.005	0.005	0.183	0.000	0.004	0.030	0.005	0.003	0.016
airport-paris-206-6238	airport	airport	0.770	0.018	0.009	0.121	0.000	0.024	0.019	0.010	0.012	0.016
airport-paris-206-6239	airport	airport	0.481	0.010	0.015	0.386	0.000	0.005	0.041	0.005	0.004	0.053
airport-paris-206-6240	metro_station	airport	0.374	0.003	0.026	0.386	0.001	0.006	0.114	0.012	0.001	0.076
airport-paris-206-6241	metro_station	airport	0.042	0.008	0.024	0.854	0.000	0.002	0.012	0.016	0.016	0.025
airport-paris-206-6242	airport	airport	0.521	0.007	0.023	0.289	0.001	0.011	0.084	0.019	0.004	0.040
airport-paris-206-6243	airport	airport	0.491	0.009	0.025	0.183	0.003	0.034	0.105	0.067	0.065	0.018
airport-paris-206-6244	metro_station	airport	0.065	0.004	0.017	0.850	0.000	0.001	0.014	0.009	0.007	0.032
airport-paris-206-6245	airport	airport	0.739	0.021	0.016	0.136	0.001	0.032	0.018	0.007	0.017	0.014
airport-paris-206-6246	airport	airport	0.779	0.019	0.010	0.062	0.001	0.042	0.043	0.021	0.012	0.011
airport-paris-206-6247	street_traffic	airport	0.094	0.134	0.013	0.053	0.003	0.139	0.003	0.024	0.528	0.009
airport-paris-206-6248	airport	airport	0.487	0.011	0.023	0.359	0.001	0.009	0.054	0.010	0.006	0.041
airport-paris-206-6249	airport	airport	0.723	0.010	0.013	0.113	0.001	0.027	0.046	0.026	0.029	0.010
airport-paris-206-6250	metro_station	airport	0.028	0.006	0.035	0.879	0.000	0.001	0.007	0.006	0.008	0.028
airport-paris-206-6251	metro_station	airport	0.055	0.017	0.041	0.791	0.001	0.009	0.004	0.016	0.034	0.033
airport-paris-206-6252	metro_station	airport	0.345	0.002	0.024	0.406	0.000	0.003	0.179	0.006	0.001	0.033
airport-paris-206-6253	metro_station	airport	0.047	0.007	0.035	0.813	0.001	0.003	0.025	0.020	0.013	0.038
airport-paris-206-6254	airport	airport	0.585	0.007	0.014	0.217	0.001	0.011	0.107	0.026	0.003	0.030
airport-paris-206-6255	public_square	airport	0.188	0.144	0.026	0.047	0.003	0.258	0.008	0.081	0.236	0.008
airport-paris-206-6256	street_traffic	airport	0.125	0.153	0.014	0.075	0.002	0.114	0.004	0.011	0.491	0.010
airport-paris-206-6257	metro_station	airport	0.042	0.005	0.023	0.858	0.000	0.002	0.015	0.022	0.010	0.023
airport-paris-206-6258	airport	airport	0.531	0.018	0.009	0.356	0.000	0.015	0.016	0.006	0.026	0.022
airport-paris-206-6259	street_traffic	airport	0.094	0.119	0.024	0.108	0.003	0.119	0.008	0.021	0.493	0.012
airport-paris-206-6260	airport	airport	0.638	0.035	0.014	0.068	0.001	0.133	0.015	0.055	0.028	0.012
airport-paris-206-6261	metro_station	airport	0.020	0.024	0.059	0.777	0.001	0.003	0.009	0.010	0.043	0.054
airport-paris-206-6262	metro_station	airport	0.021	0.007	0.049	0.863	0.001	0.003	0.005	0.010	0.015	0.026
airport-paris-206-6263	metro_station	airport	0.012	0.035	0.093	0.688	0.002	0.004	0.005	0.007	0.085	0.068
airport-paris-206-6264	airport	airport	0.771	0.018	0.008	0.040	0.001	0.098	0.008	0.026	0.023	0.008
airport-paris-206-6265	airport	airport	0.753	0.009	0.013	0.078	0.001	0.046	0.034	0.039	0.017	0.010
airport-paris-206-6266	metro_station	airport	0.018	0.025	0.052	0.765	0.001	0.006	0.003	0.007	0.075	0.048
airport-paris-206-6267	street_traffic	airport	0.055	0.060	0.006	0.041	0.001	0.094	0.002	0.012	0.725	0.003
airport-paris-206-6268	metro_station	airport	0.066	0.009	0.030	0.809	0.000	0.003	0.025	0.015	0.022	0.021
airport-paris-206-6269	metro_station	airport	0.023	0.027	0.065	0.747	0.001	0.005	0.003	0.008	0.062	0.059
airport-paris-206-6270	metro_station	airport	0.005	0.091	0.111	0.641	0.001	0.002	0.002	0.003	0.063	0.081
airport-paris-206-6271	street_traffic	airport	0.061	0.059	0.004	0.046	0.001	0.059	0.002	0.008	0.758	0.003
airport-paris-206-6272	airport	airport	0.469	0.010	0.029	0.368	0.001	0.016	0.051	0.012	0.012	0.033
airport-paris-206-6273	metro_station	airport	0.032	0.001	0.018	0.897	0.000	0.000	0.025	0.007	0.002	0.017
airport-paris-206-6274	metro_station	airport	0.105	0.008	0.050	0.735	0.001	0.006	0.008	0.033	0.008	0.046
airport-paris-206-6275	airport	airport	0.879	0.002	0.005	0.021	0.001	0.009	0.062	0.015	0.003	0.004
airport-paris-206-6276	metro_station	airport	0.052	0.007	0.060	0.774	0.001	0.003	0.025	0.022	0.011	0.045
airport-paris-206-6277	metro_station	airport	0.010	0.006	0.037	0.889	0.000	0.001	0.005	0.003	0.021	0.028
airport-paris-206-6278	airport	airport	0.466	0.077	0.016	0.107	0.003	0.100	0.020	0.025	0.170	0.015
airport-paris-206-6279	metro_station	airport	0.363	0.036	0.037	0.414	0.001	0.016	0.033	0.009	0.010	0.082
airport-paris-206-6280	airport	airport	0.374	0.095	0.028	0.326	0.002	0.021	0.015	0.009	0.044	0.087
airport-paris-206-6281	airport	airport	0.716	0.020	0.013	0.087	0.002	0.029	0.059	0.032	0.019	0.024
airport-paris-206-6282	metro_station	airport	0.212	0.143	0.049	0.218	0.004	0.105	0.020	0.052	0.165	0.032
airport-prague-1173-44104	airport	airport	0.998	0.000	0.000	0.000	0.000	0.000	0.002	0.000	0.000	0.000
airport-prague-1173-44309	airport	airport	0.983	0.000	0.000	0.001	0.000	0.000	0.015	0.000	0.000	0.000
airport-prague-1173-44354	airport	airport	0.994	0.000	0.000	0.000	0.000	0.001	0.005	0.000	0.000	0.000
airport-prague-1173-44397	airport	airport	0.993	0.000	0.000	0.000	0.000	0.000	0.006	0.000	0.000	0.000
airport-prague-1173-44425	airport	airport	0.972	0.000	0.000	0.001	0.000	0.001	0.025	0.001	0.000	0.000
airport-prague-1173-44592	airport	airport	0.964	0.000	0.000	0.001	0.000	0.000	0.034	0.000	0.000	0.000
airport-prague-1173-44620	airport	airport	0.988	0.000	0.000	0.000	0.000	0.000	0.011	0.000	0.000	0.000
airport-prague-1173-44705	airport	airport	0.978	0.000	0.000	0.003	0.000	0.002	0.015	0.002	0.000	0.000
airport-prague-1173-44800	airport	airport	0.992	0.000	0.000	0.000	0.000	0.000	0.008	0.000	0.000	0.000
airport-prague-1173-44812	airport	airport	0.996	0.000	0.000	0.000	0.000	0.000	0.004	0.000	0.000	0.000
airport-prague-1173-44843	airport	airport	0.995	0.000	0.000	0.000	0.000	0.000	0.004	0.000	0.000	0.000
airport-prague-1173-44938	airport	airport	0.977	0.000	0.000	0.001	0.000	0.000	0.021	0.000	0.000	0.000
airport-prague-1173-44997	airport	airport	0.998	0.000	0.000	0.000	0.000	0.000	0.002	0.000	0.000	0.000
airport-prague-1173-45032	airport	airport	0.996	0.000	0.000	0.000	0.000	0.000	0.004	0.000	0.000	0.000
airport-prague-1173-45158	airport	airport	0.909	0.000	0.000	0.001	0.000	0.000	0.090	0.000	0.000	0.000
airport-prague-1173-45201	airport	airport	0.998	0.000	0.000	0.000	0.000	0.000	0.002	0.000	0.000	0.000
airport-prague-1173-45299	airport	airport	0.998	0.000	0.000	0.000	0.000	0.000	0.002	0.000	0.000	0.000
airport-prague-1173-45336	airport	airport	0.998	0.000	0.000	0.000	0.000	0.000	0.002	0.000	0.000	0.000
airport-prague-1173-45405	airport	airport	0.996	0.000	0.000	0.000	0.000	0.000	0.004	0.000	0.000	0.000
airport-prague-1173-45485	airport	airport	0.998	0.000	0.000	0.000	0.000	0.000	0.002	0.000	0.000	0.000
airport-prague-1173-45640	airport	airport	0.997	0.000	0.000	0.000	0.000	0.000	0.003	0.000	0.000	0.000
airport-prague-1173-45679	airport	airport	0.913	0.000	0.000	0.001	0.000	0.000	0.085	0.000	0.000	0.000
airport-prague-1173-45722	airport	airport	0.997	0.000	0.000	0.000	0.000	0.000	0.002	0.000	0.000	0.000
airport-prague-1173-45742	airport	airport	0.999	0.000	0.000	0.000	0.000	0.000	0.001	0.000	0.000	0.000
airport-prague-1195-44142	airport	airport	0.980	0.000	0.000	0.000	0.000	0.000	0.019	0.000	0.000	0.000
airport-prague-1195-44149	airport	airport	0.861	0.000	0.000	0.001	0.000	0.001	0.133	0.003	0.000	0.000
airport-prague-1195-44169	shopping_mall	airport	0.425	0.000	0.001	0.040	0.000	0.002	0.522	0.010	0.000	0.000
airport-prague-1195-44218	airport	airport	0.880	0.000	0.000	0.000	0.000	0.000	0.118	0.001	0.000	0.000
airport-prague-1195-44333	shopping_mall	airport	0.380	0.000	0.000	0.002	0.000	0.001	0.610	0.007	0.000	0.000
airport-prague-1195-44426	airport	airport	0.959	0.000	0.000	0.001	0.000	0.001	0.038	0.001	0.000	0.000
airport-prague-1195-44435	airport	airport	0.892	0.000	0.000	0.007	0.000	0.004	0.095	0.002	0.000	0.000
airport-prague-1195-44824	airport	airport	0.991	0.000	0.000	0.000	0.000	0.000	0.008	0.000	0.000	0.000
airport-prague-1195-44928	airport	airport	0.714	0.000	0.000	0.002	0.000	0.001	0.274	0.008	0.000	0.000
airport-prague-1195-44947	airport	airport	0.989	0.000	0.000	0.000	0.000	0.001	0.010	0.000	0.000	0.000
airport-prague-1195-45063	airport	airport	0.878	0.000	0.000	0.004	0.000	0.000	0.117	0.001	0.000	0.000
airport-prague-1195-45065	airport	airport	0.789	0.000	0.001	0.013	0.000	0.001	0.192	0.004	0.000	0.000
airport-prague-1195-45096	airport	airport	0.973	0.000	0.000	0.001	0.000	0.000	0.026	0.000	0.000	0.000
airport-prague-1195-45109	airport	airport	0.993	0.000	0.000	0.000	0.000	0.001	0.006	0.000	0.000	0.000
airport-prague-1195-45260	airport	airport	0.918	0.000	0.000	0.001	0.000	0.000	0.077	0.003	0.000	0.000
airport-prague-1195-45265	airport	airport	0.687	0.000	0.000	0.001	0.000	0.000	0.310	0.002	0.000	0.000
airport-prague-1195-45312	airport	airport	0.902	0.000	0.000	0.000	0.000	0.000	0.093	0.004	0.000	0.000
airport-prague-1195-45537	airport	airport	0.890	0.000	0.000	0.002	0.000	0.000	0.107	0.001	0.000	0.000
airport-prague-1195-45597	airport	airport	0.673	0.000	0.001	0.003	0.000	0.003	0.299	0.021	0.000	0.000
airport-prague-1195-45657	airport	airport	0.851	0.000	0.000	0.001	0.000	0.001	0.142	0.004	0.000	0.000
airport-prague-1195-45704	shopping_mall	airport	0.448	0.000	0.001	0.003	0.000	0.001	0.533	0.014	0.000	0.000
airport-prague-1195-45749	airport	airport	0.990	0.000	0.000	0.000	0.000	0.001	0.008	0.000	0.000	0.000
airport-prague-1195-45752	airport	airport	0.884	0.000	0.000	0.002	0.000	0.002	0.098	0.014	0.000	0.000
airport-prague-1195-45754	airport	airport	0.929	0.000	0.000	0.003	0.000	0.000	0.067	0.001	0.000	0.000
airport-stockholm-208-6315	airport	airport	0.773	0.000	0.003	0.068	0.000	0.001	0.134	0.020	0.000	0.000
airport-stockholm-208-6316	airport	airport	0.730	0.000	0.017	0.016	0.000	0.000	0.231	0.005	0.000	0.001
airport-stockholm-208-6317	airport	airport	0.917	0.000	0.002	0.027	0.000	0.001	0.045	0.006	0.000	0.001
airport-stockholm-208-6318	airport	airport	0.917	0.000	0.003	0.011	0.000	0.000	0.066	0.003	0.000	0.000
airport-stockholm-208-6319	airport	airport	0.771	0.000	0.004	0.070	0.000	0.002	0.138	0.013	0.001	0.002
airport-stockholm-208-6320	airport	airport	0.726	0.000	0.001	0.027	0.000	0.000	0.240	0.004	0.000	0.000
airport-stockholm-208-6321	airport	airport	0.960	0.000	0.001	0.003	0.000	0.001	0.032	0.003	0.000	0.000
airport-stockholm-208-6322	airport	airport	0.881	0.000	0.002	0.007	0.000	0.000	0.107	0.003	0.000	0.000
airport-stockholm-208-6323	airport	airport	0.946	0.000	0.000	0.003	0.000	0.000	0.045	0.006	0.000	0.000
airport-stockholm-208-6324	airport	airport	0.952	0.000	0.005	0.007	0.000	0.000	0.034	0.002	0.000	0.000
airport-stockholm-208-6325	airport	airport	0.930	0.000	0.002	0.007	0.000	0.000	0.057	0.003	0.000	0.000
airport-stockholm-208-6326	airport	airport	0.821	0.000	0.004	0.019	0.000	0.000	0.152	0.004	0.000	0.000
airport-stockholm-208-6327	airport	airport	0.719	0.000	0.008	0.133	0.000	0.001	0.129	0.007	0.000	0.002
airport-stockholm-208-6328	airport	airport	0.849	0.000	0.005	0.013	0.000	0.000	0.130	0.002	0.000	0.000
airport-stockholm-208-6329	airport	airport	0.893	0.000	0.003	0.014	0.000	0.000	0.085	0.005	0.000	0.000
airport-stockholm-208-6330	airport	airport	0.903	0.000	0.003	0.015	0.000	0.000	0.076	0.002	0.000	0.000
airport-stockholm-208-6331	airport	airport	0.924	0.000	0.004	0.010	0.000	0.001	0.055	0.006	0.000	0.000
airport-stockholm-208-6332	airport	airport	0.915	0.000	0.003	0.011	0.000	0.000	0.070	0.001	0.000	0.000
airport-stockholm-208-6333	airport	airport	0.939	0.000	0.002	0.010	0.000	0.000	0.047	0.002	0.000	0.000
airport-stockholm-208-6334	airport	airport	0.944	0.000	0.002	0.006	0.000	0.000	0.046	0.001	0.000	0.000
airport-stockholm-208-6335	airport	airport	0.940	0.000	0.003	0.009	0.000	0.000	0.045	0.002	0.000	0.000
airport-stockholm-208-6336	airport	airport	0.741	0.000	0.002	0.100	0.000	0.001	0.148	0.006	0.000	0.000
airport-stockholm-208-6337	airport	airport	0.953	0.000	0.001	0.009	0.000	0.001	0.026	0.009	0.000	0.000
airport-stockholm-208-6338	airport	airport	0.911	0.000	0.003	0.006	0.000	0.000	0.078	0.002	0.000	0.000
airport-stockholm-208-6339	airport	airport	0.874	0.000	0.002	0.022	0.000	0.001	0.091	0.010	0.000	0.000
airport-stockholm-208-6340	airport	airport	0.953	0.000	0.001	0.006	0.000	0.000	0.037	0.002	0.000	0.000
airport-stockholm-208-6341	airport	airport	0.863	0.000	0.005	0.019	0.000	0.000	0.107	0.005	0.000	0.000
airport-stockholm-208-6342	airport	airport	0.920	0.000	0.007	0.011	0.000	0.000	0.055	0.006	0.000	0.000
airport-stockholm-208-6343	airport	airport	0.942	0.000	0.001	0.011	0.000	0.001	0.039	0.005	0.000	0.000
airport-stockholm-208-6344	airport	airport	0.574	0.000	0.003	0.073	0.000	0.001	0.343	0.006	0.000	0.001
airport-stockholm-208-6345	airport	airport	0.645	0.000	0.002	0.049	0.000	0.001	0.279	0.023	0.000	0.000
airport-stockholm-208-6346	airport	airport	0.880	0.000	0.003	0.021	0.000	0.000	0.092	0.004	0.000	0.000
bus-barcelona-210-6387	tram	bus	0.000	0.085	0.008	0.007	0.001	0.000	0.000	0.000	0.000	0.897
bus-barcelona-210-6388	tram	bus	0.000	0.321	0.017	0.002	0.000	0.000	0.000	0.000	0.000	0.659
bus-barcelona-210-6389	bus	bus	0.000	0.598	0.010	0.001	0.000	0.000	0.000	0.000	0.000	0.392
bus-barcelona-210-6390	tram	bus	0.000	0.417	0.009	0.002	0.001	0.000	0.000	0.000	0.000	0.572
bus-barcelona-210-6391	bus	bus	0.000	0.499	0.090	0.002	0.003	0.000	0.000	0.000	0.001	0.404
bus-barcelona-210-6392	bus	bus	0.000	0.598	0.288	0.004	0.001	0.000	0.002	0.000	0.002	0.104
bus-barcelona-210-6393	bus	bus	0.003	0.540	0.260	0.009	0.003	0.004	0.003	0.000	0.008	0.169
bus-barcelona-210-6394	tram	bus	0.001	0.152	0.266	0.006	0.010	0.001	0.002	0.001	0.001	0.560
bus-barcelona-210-6395	bus	bus	0.000	0.885	0.003	0.000	0.000	0.000	0.000	0.000	0.000	0.113
bus-barcelona-210-6396	tram	bus	0.000	0.148	0.017	0.002	0.000	0.000	0.000	0.000	0.000	0.833
bus-barcelona-210-6397	bus	bus	0.000	0.895	0.049	0.001	0.000	0.000	0.000	0.000	0.000	0.055
bus-barcelona-210-6398	tram	bus	0.000	0.372	0.009	0.002	0.001	0.000	0.000	0.000	0.000	0.616
bus-barcelona-210-6399	bus	bus	0.001	0.442	0.191	0.007	0.004	0.001	0.006	0.000	0.004	0.345
bus-barcelona-210-6400	bus	bus	0.000	0.552	0.046	0.002	0.001	0.000	0.000	0.000	0.001	0.397
bus-barcelona-210-6401	bus	bus	0.002	0.459	0.240	0.013	0.015	0.001	0.005	0.001	0.008	0.256
bus-barcelona-210-6402	bus	bus	0.000	0.493	0.174	0.001	0.002	0.000	0.001	0.000	0.000	0.329
bus-barcelona-210-6403	bus	bus	0.001	0.584	0.195	0.003	0.001	0.000	0.002	0.000	0.002	0.211
bus-barcelona-210-6404	tram	bus	0.000	0.456	0.073	0.003	0.004	0.000	0.001	0.000	0.001	0.462
bus-barcelona-210-6405	tram	bus	0.000	0.208	0.007	0.001	0.001	0.000	0.000	0.000	0.000	0.783
bus-barcelona-210-6406	bus	bus	0.000	0.578	0.155	0.002	0.002	0.000	0.000	0.000	0.001	0.260
bus-barcelona-210-6407	tram	bus	0.000	0.481	0.004	0.000	0.000	0.000	0.000	0.000	0.000	0.514
bus-barcelona-210-6408	bus	bus	0.000	0.820	0.044	0.001	0.001	0.000	0.000	0.000	0.001	0.132
bus-barcelona-210-6409	bus	bus	0.000	0.921	0.056	0.001	0.000	0.000	0.000	0.000	0.001	0.021
bus-barcelona-210-6410	bus	bus	0.000	0.764	0.006	0.000	0.000	0.000	0.000	0.000	0.000	0.229
bus-barcelona-210-6411	tram	bus	0.000	0.109	0.017	0.002	0.000	0.000	0.000	0.000	0.000	0.871
bus-barcelona-210-6412	tram	bus	0.000	0.257	0.017	0.001	0.002	0.000	0.000	0.000	0.000	0.724
bus-barcelona-210-6413	bus	bus	0.000	0.765	0.018	0.001	0.000	0.000	0.000	0.000	0.000	0.215
bus-barcelona-210-6414	bus	bus	0.000	0.647	0.044	0.002	0.001	0.000	0.000	0.000	0.001	0.306
bus-barcelona-210-6415	bus	bus	0.001	0.605	0.117	0.003	0.001	0.000	0.001	0.000	0.001	0.271
bus-barcelona-210-6416	bus	bus	0.000	0.599	0.189	0.002	0.002	0.000	0.002	0.000	0.001	0.204
bus-barcelona-210-6417	bus	bus	0.000	0.706	0.044	0.001	0.001	0.000	0.000	0.000	0.000	0.247
bus-barcelona-210-6418	tram	bus	0.000	0.345	0.008	0.001	0.001	0.000	0.000	0.000	0.000	0.645
bus-barcelona-210-6419	tram	bus	0.000	0.479	0.011	0.001	0.000	0.000	0.000	0.000	0.000	0.509
bus-barcelona-210-6420	bus	bus	0.000	0.770	0.097	0.002	0.001	0.000	0.001	0.000	0.001	0.128
bus-barcelona-210-6421	bus	bus	0.000	0.664	0.078	0.002	0.001	0.000	0.000	0.000	0.001	0.254
bus-barcelona-210-6422	bus	bus	0.000	0.628	0.070	0.001	0.001	0.000	0.000	0.000	0.000	0.299
bus-helsinki-211-6424	bus	bus	0.000	0.920	0.034	0.002	0.000	0.001	0.000	0.000	0.031	0.011
bus-helsinki-211-6425	bus	bus	0.000	0.846	0.015	0.001	0.001	0.000	0.000	0.000	0.001	0.136
bus-helsinki-211-6426	bus	bus	0.000	0.997	0.000	0.000	0.000	0.000	0.000	0.000	0.001	0.002
bus-helsinki-211-6427	bus	bus	0.000	0.730	0.061	0.002	0.002	0.001	0.001	0.000	0.004	0.199
bus-helsinki-211-6428	bus	bus	0.000	0.897	0.044	0.003	0.001	0.001	0.000	0.000	0.039	0.015
bus-helsinki-211-6429	bus	bus	0.001	0.679	0.131	0.007	0.002	0.001	0.001	0.001	0.013	0.163
bus-helsinki-211-6430	bus	bus	0.000	0.997	0.000	0.000	0.000	0.000	0.000	0.000	0.000	0.002
bus-helsinki-211-6431	bus	bus	0.000	0.748	0.078	0.001	0.000	0.000	0.000	0.000	0.002	0.170
bus-helsinki-211-6433	bus	bus	0.000	0.994	0.001	0.000	0.000	0.000	0.000	0.000	0.001	0.004
bus-helsinki-211-6434	bus	bus	0.000	0.966	0.004	0.001	0.000	0.000	0.000	0.000	0.001	0.027
bus-helsinki-211-6435	bus	bus	0.000	0.986	0.001	0.001	0.000	0.001	0.000	0.000	0.002	0.008
bus-helsinki-211-6436	bus	bus	0.000	0.993	0.000	0.000	0.000	0.000	0.000	0.000	0.001	0.005
bus-helsinki-211-6437	bus	bus	0.000	0.479	0.164	0.003	0.002	0.000	0.000	0.000	0.003	0.347
bus-helsinki-211-6438	bus	bus	0.000	0.994	0.002	0.001	0.000	0.000	0.000	0.000	0.001	0.002
bus-helsinki-211-6439	bus	bus	0.000	0.633	0.080	0.002	0.003	0.001	0.000	0.000	0.003	0.278
bus-helsinki-211-6440	bus	bus	0.000	0.853	0.021	0.001	0.001	0.000	0.000	0.000	0.004	0.120
bus-helsinki-211-6442	bus	bus	0.000	0.911	0.041	0.002	0.000	0.001	0.000	0.000	0.035	0.009
bus-helsinki-211-6443	bus	bus	0.000	0.928	0.005	0.000	0.002	0.001	0.000	0.000	0.002	0.062
bus-helsinki-211-6444	bus	bus	0.000	0.978	0.003	0.002	0.000	0.001	0.000	0.000	0.001	0.015
bus-helsinki-211-6445	bus	bus	0.001	0.739	0.104	0.003	0.001	0.001	0.001	0.000	0.003	0.146
bus-helsinki-211-6448	bus	bus	0.000	0.674	0.067	0.002	0.001	0.000	0.000	0.000	0.002	0.254
bus-helsinki-211-6449	bus	bus	0.000	0.982	0.002	0.001	0.000	0.000	0.000	0.000	0.001	0.013
bus-helsinki-211-6450	bus	bus	0.000	0.910	0.009	0.001	0.001	0.001	0.000	0.000	0.001	0.078
bus-helsinki-211-6452	bus	bus	0.000	0.765	0.059	0.003	0.002	0.001	0.001	0.000	0.007	0.162
bus-helsinki-211-6453	bus	bus	0.000	0.992	0.001	0.000	0.000	0.000	0.000	0.000	0.001	0.006
bus-helsinki-211-6454	bus	bus	0.000	0.998	0.000	0.000	0.000	0.000	0.000	0.000	0.001	0.002
bus-helsinki-211-6455	bus	bus	0.000	0.998	0.000	0.000	0.000	0.000	0.000	0.000	0.001	0.001
bus-helsinki-211-6457	bus	bus	0.000	0.933	0.031	0.001	0.000	0.001	0.000	0.000	0.026	0.008
bus-helsinki-211-6458	bus	bus	0.000	0.992	0.001	0.000	0.000	0.000	0.000	0.000	0.001	0.006
bus-helsinki-211-6459	bus	bus	0.001	0.965	0.009	0.004	0.000	0.002	0.000	0.000	0.003	0.016
bus-helsinki-211-6460	bus	bus	0.000	0.765	0.044	0.002	0.001	0.000	0.000	0.000	0.003	0.183
bus-helsinki-211-6461	bus	bus	0.000	0.915	0.011	0.000	0.001	0.000	0.000	0.000	0.002	0.070
bus-helsinki-211-6464	bus	bus	0.000	0.996	0.000	0.000	0.000	0.000	0.000	0.000	0.001	0.003
bus-helsinki-211-6465	bus	bus	0.000	0.904	0.012	0.001	0.001	0.000	0.000	0.000	0.002	0.079
bus-helsinki-211-6466	bus	bus	0.000	0.993	0.001	0.000	0.000	0.000	0.000	0.000	0.002	0.004
bus-lisbon-1212-44206	tram	bus	0.011	0.474	0.004	0.003	0.000	0.001	0.001	0.000	0.001	0.504
bus-lisbon-1212-44271	bus	bus	0.001	0.924	0.003	0.001	0.000	0.001	0.000	0.000	0.001	0.070
bus-lisbon-1212-44366	bus	bus	0.001	0.910	0.008	0.005	0.000	0.001	0.001	0.000	0.007	0.067
bus-lisbon-1212-44406	bus	bus	0.003	0.868	0.003	0.003	0.001	0.002	0.000	0.000	0.001	0.120
bus-lisbon-1212-44414	bus	bus	0.020	0.676	0.010	0.020	0.000	0.002	0.004	0.000	0.008	0.260
bus-lisbon-1212-44463	bus	bus	0.002	0.906	0.007	0.003	0.001	0.002	0.001	0.000	0.002	0.076
bus-lisbon-1212-44498	bus	bus	0.002	0.931	0.006	0.002	0.001	0.005	0.001	0.000	0.003	0.049
bus-lisbon-1212-44531	bus	bus	0.002	0.892	0.003	0.002	0.000	0.001	0.000	0.000	0.001	0.099
bus-lisbon-1212-45080	bus	bus	0.001	0.936	0.003	0.000	0.000	0.002	0.000	0.000	0.001	0.057
bus-lisbon-1212-45457	bus	bus	0.034	0.538	0.014	0.028	0.000	0.002	0.006	0.000	0.002	0.375
bus-lisbon-1212-45534	tram	bus	0.005	0.399	0.005	0.003	0.000	0.001	0.001	0.000	0.001	0.584
bus-lisbon-1212-45548	bus	bus	0.009	0.842	0.014	0.008	0.001	0.007	0.004	0.000	0.011	0.104
bus-lisbon-1212-45601	bus	bus	0.002	0.941	0.010	0.005	0.001	0.005	0.002	0.001	0.008	0.026
bus-lisbon-1212-45715	bus	bus	0.006	0.598	0.004	0.002	0.000	0.001	0.001	0.000	0.001	0.387
bus-lisbon-1223-44393	bus	bus	0.000	0.928	0.050	0.002	0.000	0.001	0.000	0.000	0.001	0.018
bus-lisbon-1223-44407	bus	bus	0.000	0.985	0.005	0.000	0.000	0.000	0.000	0.000	0.000	0.009
bus-lisbon-1223-44429	bus	bus	0.000	0.895	0.029	0.003	0.000	0.000	0.001	0.000	0.001	0.071
bus-lisbon-1223-44483	bus	bus	0.000	0.825	0.123	0.004	0.000	0.001	0.000	0.000	0.001	0.047
bus-lisbon-1223-44593	bus	bus	0.000	0.970	0.021	0.000	0.000	0.000	0.000	0.000	0.000	0.007
bus-lisbon-1223-44619	bus	bus	0.000	0.973	0.014	0.000	0.000	0.000	0.000	0.000	0.001	0.012
bus-lisbon-1223-44695	bus	bus	0.000	0.968	0.020	0.001	0.000	0.001	0.000	0.000	0.000	0.009
bus-lisbon-1223-44799	bus	bus	0.000	0.974	0.018	0.000	0.000	0.000	0.000	0.000	0.000	0.007
bus-lisbon-1223-45057	bus	bus	0.000	0.875	0.101	0.002	0.000	0.001	0.000	0.000	0.001	0.019
bus-lisbon-1223-45220	bus	bus	0.000	0.933	0.028	0.002	0.000	0.000	0.000	0.000	0.000	0.036
bus-lisbon-1223-45244	bus	bus	0.000	0.816	0.138	0.007	0.000	0.000	0.000	0.000	0.001	0.037
bus-lisbon-1223-45639	bus	bus	0.000	0.916	0.056	0.002	0.000	0.000	0.000	0.000	0.001	0.025
bus-lisbon-1223-45689	bus	bus	0.000	0.777	0.177	0.003	0.000	0.001	0.000	0.000	0.003	0.038
bus-lisbon-1226-44491	bus	bus	0.000	0.795	0.004	0.001	0.000	0.000	0.000	0.000	0.000	0.200
bus-lisbon-1226-44523	tram	bus	0.000	0.368	0.026	0.008	0.000	0.000	0.000	0.000	0.000	0.597
bus-lisbon-1226-44601	bus	bus	0.000	0.759	0.012	0.000	0.001	0.000	0.000	0.000	0.000	0.228
bus-lisbon-1226-44607	bus	bus	0.000	0.944	0.001	0.000	0.000	0.000	0.000	0.000	0.000	0.054
bus-lisbon-1226-44871	bus	bus	0.000	0.980	0.001	0.000	0.000	0.000	0.000	0.000	0.000	0.019
bus-lisbon-1226-45035	bus	bus	0.000	0.783	0.011	0.000	0.000	0.000	0.000	0.000	0.000	0.205
bus-lisbon-1226-45078	bus	bus	0.000	0.716	0.011	0.000	0.000	0.000	0.000	0.000	0.000	0.273
bus-lisbon-1226-45085	metro	bus	0.000	0.275	0.368	0.001	0.001	0.000	0.000	0.000	0.001	0.354
bus-lisbon-1226-45095	bus	bus	0.000	0.752	0.039	0.000	0.000	0.000	0.000	0.000	0.000	0.208
bus-lisbon-1226-45100	bus	bus	0.000	0.871	0.021	0.000	0.000	0.000	0.000	0.000	0.000	0.108
bus-lisbon-1226-45496	bus	bus	0.000	0.547	0.023	0.009	0.000	0.000	0.000	0.000	0.000	0.419
bus-lisbon-1226-45544	metro	bus	0.000	0.191	0.424	0.000	0.001	0.000	0.000	0.000	0.000	0.383
bus-lisbon-1226-45632	tram	bus	0.000	0.284	0.024	0.000	0.000	0.000	0.000	0.000	0.000	0.692
bus-lisbon-1226-45756	bus	bus	0.000	0.769	0.003	0.001	0.000	0.000	0.000	0.000	0.001	0.226
bus-lyon-1177-44109	bus	bus	0.000	0.973	0.005	0.000	0.000	0.000	0.000	0.000	0.000	0.022
bus-lyon-1177-44129	bus	bus	0.000	0.991	0.001	0.000	0.000	0.000	0.000	0.000	0.000	0.007
bus-lyon-1177-44159	bus	bus	0.000	0.976	0.008	0.000	0.000	0.000	0.000	0.000	0.000	0.015
bus-lyon-1177-44178	bus	bus	0.000	0.959	0.002	0.000	0.000	0.000	0.000	0.000	0.000	0.037
bus-lyon-1177-44264	bus	bus	0.001	0.674	0.003	0.000	0.001	0.000	0.000	0.000	0.000	0.319
bus-lyon-1177-44268	bus	bus	0.000	0.980	0.002	0.000	0.000	0.000	0.000	0.000	0.000	0.018
bus-lyon-1177-44565	bus	bus	0.000	0.963	0.002	0.000	0.000	0.000	0.000	0.000	0.000	0.035
bus-lyon-1177-44753	bus	bus	0.000	0.694	0.007	0.000	0.001	0.000	0.000	0.000	0.000	0.297
bus-lyon-1177-44874	bus	bus	0.000	0.827	0.005	0.000	0.000	0.000	0.000	0.000	0.000	0.167
bus-lyon-1177-45193	bus	bus	0.000	0.998	0.000	0.000	0.000	0.000	0.000	0.000	0.000	0.002
